1958   3    1958.208      315.71      315.71      314.61     -1
1958   4    1958.292      317.45      317.45      315.29     -1
1958   5    1958.375      317.50      317.50      314.71     -1
1958   6    1958.458      -99.99      317.10      314.85     -1
1958   7    1958.542      315.86      315.86      314.98     -1
1958   8    1958.625      314.93      314.93      315.94     -1
1958   9    1958.708      313.20      313.20      315.91     -1
1958  10    1958.792      -99.99      312.66      315.61     -1
1958  11    1958.875      313.33      313.33      315.31     -1
1958  12    1958.958      314.67      314.67      315.62     -1
1959   1    1959.042      315.62      315.62      315.70     -1
1959   2    1959.125      316.38      316.38      315.88     -1
1959   3    1959.208      316.71      316.71      315.61     -1
1959   4    1959.292      317.72      317.72      315.56     -1
1959   5    1959.375      318.29      318.29      315.50     -1
1959   6    1959.458      318.15      318.15      315.92     -1
1959   7    1959.542      316.54      316.54      315.66     -1
1959   8    1959.625      314.80      314.80      315.81     -1
1959   9    1959.708      313.84      313.84      316.55     -1
1959  10    1959.792      313.26      313.26      316.19     -1
1959  11    1959.875      314.80      314.80      316.78     -1
1959  12    1959.958      315.58      315.58      316.52     -1
1960   1    1960.042      316.43      316.43      316.51     -1
1960   2    1960.125      316.97      316.97      316.47     -1
1960   3    1960.208      317.58      317.58      316.48     -1
1960   4    1960.292      319.02      319.02      316.86     -1
1960   5    1960.375      320.03      320.03      317.24     -1
1960   6    1960.458      319.59      319.59      317.36     -1
1960   7    1960.542      318.18      318.18      317.30     -1
1960   8    1960.625      315.91      315.91      316.92     -1
1960   9    1960.708      314.16      314.16      316.87     -1
1960  10    1960.792      313.83      313.83      316.76     -1
1960  11    1960.875      315.00      315.00      316.98     -1
1960  12    1960.958      316.19      316.19      317.13     -1
1961   1    1961.042      316.93      316.93      317.04     -1
1961   2    1961.125      317.70      317.70      317.28     -1
1961   3    1961.208      318.54      318.54      317.47     -1
1961   4    1961.292      319.48      319.48      317.27     -1
1961   5    1961.375      320.58      320.58      317.70     -1
1961   6    1961.458      319.77      319.77      317.48     -1
1961   7    1961.542      318.57      318.57      317.70     -1
1961   8    1961.625      316.79      316.79      317.80     -1
1961   9    1961.708      314.80      314.80      317.49     -1
1961  10    1961.792      315.38      315.38      318.35     -1
1961  11    1961.875      316.10      316.10      318.13     -1
1961  12    1961.958      317.01      317.01      317.94     -1
1962   1    1962.042      317.94      317.94      318.06     -1
1962   2    1962.125      318.56      318.56      318.11     -1
1962   3    1962.208      319.68      319.68      318.57     -1
1962   4    1962.292      320.63      320.63      318.45     -1
1962   5    1962.375      321.01      321.01      318.20     -1
1962   6    1962.458      320.55      320.55      318.27     -1
1962   7    1962.542      319.58      319.58      318.67     -1
1962   8    1962.625      317.40      317.40      318.48     -1
1962   9    1962.708      316.26      316.26      319.03     -1
1962  10    1962.792      315.42      315.42      318.33     -1
1962  11    1962.875      316.69      316.69      318.62     -1
1962  12    1962.958      317.69      317.69      318.61     -1
1963   1    1963.042      318.74      318.74      318.91     -1
1963   2    1963.125      319.08      319.08      318.68     -1
1963   3    1963.208      319.86      319.86      318.69     -1
1963   4    1963.292      321.39      321.39      319.09     -1
1963   5    1963.375      322.25      322.25      319.39     -1
1963   6    1963.458      321.47      321.47      319.16     -1
1963   7    1963.542      319.74      319.74      318.76     -1
1963   8    1963.625      317.77      317.77      318.83     -1
1963   9    1963.708      316.21      316.21      319.06     -1
1963  10    1963.792      315.99      315.99      319.00     -1
1963  11    1963.875      317.12      317.12      319.10     -1
1963  12    1963.958      318.31      318.31      319.25     -1
1964   1    1964.042      319.57      319.57      319.67     -1
1964   2    1964.125      -99.99      320.07      319.61     -1
1964   3    1964.208      -99.99      320.73      319.55     -1
1964   4    1964.292      -99.99      321.77      319.48     -1
1964   5    1964.375      322.25      322.25      319.42     -1
1964   6    1964.458      321.89      321.89      319.69     -1
1964   7    1964.542      320.44      320.44      319.58     -1
1964   8    1964.625      318.70      318.70      319.81     -1
1964   9    1964.708      316.70      316.70      319.56     -1
1964  10    1964.792      316.79      316.79      319.79     -1
1964  11    1964.875      317.79      317.79      319.72     -1
1964  12    1964.958      318.71      318.71      319.59     -1
1965   1    1965.042      319.44      319.44      319.48     -1
1965   2    1965.125      320.44      320.44      319.97     -1
1965   3    1965.208      320.89      320.89      319.65     -1
1965   4    1965.292      322.13      322.13      319.80     -1
1965   5    1965.375      322.16      322.16      319.36     -1
1965   6    1965.458      321.87      321.87      319.65     -1
1965   7    1965.542      321.39      321.39      320.51     -1
1965   8    1965.625      318.81      318.81      319.93     -1
1965   9    1965.708      317.81      317.81      320.68     -1
1965  10    1965.792      317.30      317.30      320.36     -1
1965  11    1965.875      318.87      318.87      320.87     -1
1965  12    1965.958      319.42      319.42      320.26     -1
1966   1    1966.042      320.62      320.62      320.62     -1
1966   2    1966.125      321.59      321.59      321.10     -1
1966   3    1966.208      322.39      322.39      321.16     -1
1966   4    1966.292      323.87      323.87      321.51     -1
1966   5    1966.375      324.01      324.01      321.18     -1
1966   6    1966.458      323.75      323.75      321.52     -1
1966   7    1966.542      322.39      322.39      321.49     -1
1966   8    1966.625      320.37      320.37      321.50     -1
1966   9    1966.708      318.64      318.64      321.54     -1
1966  10    1966.792      318.10      318.10      321.18     -1
1966  11    1966.875      319.79      319.79      321.84     -1
1966  12    1966.958      321.08      321.08      321.95     -1
1967   1    1967.042      322.07      322.07      322.07     -1
1967   2    1967.125      322.50      322.50      321.94     -1
1967   3    1967.208      323.04      323.04      321.72     -1
1967   4    1967.292      324.42      324.42      322.05     -1
1967   5    1967.375      325.00      325.00      322.27     -1
1967   6    1967.458      324.09      324.09      321.94     -1
1967   7    1967.542      322.55      322.55      321.66     -1
1967   8    1967.625      320.92      320.92      322.04     -1
1967   9    1967.708      319.31      319.31      322.19     -1
1967  10    1967.792      319.31      319.31      322.36     -1
1967  11    1967.875      320.72      320.72      322.78     -1
1967  12    1967.958      321.96      321.96      322.86     -1
1968   1    1968.042      322.57      322.57      322.55     -1
1968   2    1968.125      323.15      323.15      322.56     -1
1968   3    1968.208      323.89      323.89      322.59     -1
1968   4    1968.292      325.02      325.02      322.73     -1
1968   5    1968.375      325.57      325.57      322.87     -1
1968   6    1968.458      325.36      325.36      323.20     -1
1968   7    1968.542      324.14      324.14      323.25     -1
1968   8    1968.625      322.03      322.03      323.15     -1
1968   9    1968.708      320.41      320.41      323.31     -1
1968  10    1968.792      320.25      320.25      323.32     -1
1968  11    1968.875      321.31      321.31      323.32     -1
1968  12    1968.958      322.84      322.84      323.69     -1
1969   1    1969.042      324.00      324.00      323.98     -1
1969   2    1969.125      324.42      324.42      323.89     -1
1969   3    1969.208      325.64      325.64      324.41     -1
1969   4    1969.292      326.66      326.66      324.35     -1
1969   5    1969.375      327.34      327.34      324.57     -1
1969   6    1969.458      326.76      326.76      324.63     -1
1969   7    1969.542      325.88      325.88      325.07     -1
1969   8    1969.625      323.67      323.67      324.80     -1
1969   9    1969.708      322.38      322.38      325.28     -1
1969  10    1969.792      321.78      321.78      324.84     -1
1969  11    1969.875      322.85      322.85      324.78     -1
1969  12    1969.958      324.11      324.11      324.88     -1
1970   1    1970.042      325.03      325.03      325.04     -1
1970   2    1970.125      325.99      325.99      325.42     -1
1970   3    1970.208      326.87      326.87      325.69     -1
1970   4    1970.292      328.13      328.13      325.86     -1
1970   5    1970.375      328.07      328.07      325.27     -1
1970   6    1970.458      327.66      327.66      325.52     -1
1970   7    1970.542      326.35      326.35      325.51     -1
1970   8    1970.625      324.69      324.69      325.76     -1
1970   9    1970.708      323.10      323.10      325.93     -1
1970  10    1970.792      323.16      323.16      326.15     -1
1970  11    1970.875      323.98      323.98      325.96     -1
1970  12    1970.958      325.13      325.13      326.06     -1
1971   1    1971.042      326.17      326.17      326.26     -1
1971   2    1971.125      326.68      326.68      326.09     -1
1971   3    1971.208      327.18      327.18      325.94     -1
1971   4    1971.292      327.78      327.78      325.47     -1
1971   5    1971.375      328.92      328.92      326.11     -1
1971   6    1971.458      328.57      328.57      326.41     -1
1971   7    1971.542      327.34      327.34      326.46     -1
1971   8    1971.625      325.46      325.46      326.49     -1
1971   9    1971.708      323.36      323.36      326.18     -1
1971  10    1971.792      323.57      323.57      326.58     -1
1971  11    1971.875      324.80      324.80      326.82     -1
1971  12    1971.958      326.01      326.01      327.02     -1
1972   1    1972.042      326.77      326.77      326.86     -1
1972   2    1972.125      327.63      327.63      327.05     -1
1972   3    1972.208      327.75      327.75      326.52     -1
1972   4    1972.292      329.72      329.72      327.41     -1
1972   5    1972.375      330.07      330.07      327.21     -1
1972   6    1972.458      329.09      329.09      326.94     -1
1972   7    1972.542      328.05      328.05      327.24     -1
1972   8    1972.625      326.32      326.32      327.37     -1
1972   9    1972.708      324.93      324.93      327.73     -1
1972  10    1972.792      325.06      325.06      328.05     -1
1972  11    1972.875      326.50      326.50      328.50     -1
1972  12    1972.958      327.55      327.55      328.56     -1
1973   1    1973.042      328.54      328.54      328.58     -1
1973   2    1973.125      329.56      329.56      328.87     -1
1973   3    1973.208      330.30      330.30      328.99     -1
1973   4    1973.292      331.50      331.50      329.12     -1
1973   5    1973.375      332.48      332.48      329.60     -1
1973   6    1973.458      332.07      332.07      329.96     -1
1973   7    1973.542      330.87      330.87      330.10     -1
1973   8    1973.625      329.31      329.31      330.43     -1
1973   9    1973.708      327.51      327.51      330.43     -1
1973  10    1973.792      327.18      327.18      330.23     -1
1973  11    1973.875      328.16      328.16      330.17     -1
1973  12    1973.958      328.64      328.64      329.66     -1
1974   1    1974.042      329.35      329.35      329.44     -1
1974   2    1974.125      330.71      330.71      330.11     -1
1974   3    1974.208      331.48      331.48      330.19     -1
1974   4    1974.292      332.65      332.65      330.25     -1
1974   5    1974.375      333.19      333.19      330.25     15
1974   6    1974.458      332.12      332.12      329.93     27
1974   7    1974.542      330.99      330.99      330.20     31
1974   8    1974.625      329.17      329.17      330.31     31
1974   9    1974.708      327.41      327.41      330.35     29
1974  10    1974.792      327.21      327.21      330.29     29
1974  11    1974.875      328.34      328.34      330.33     29
1974  12    1974.958      329.50      329.50      330.47     31
1975   1    1975.042      330.68      330.68      330.81     31
1975   2    1975.125      331.41      331.41      330.86     28
1975   3    1975.208      331.85      331.85      330.49     26
1975   4    1975.292      333.29      333.29      330.77     30
1975   5    1975.375      333.91      333.91      330.94     30
1975   6    1975.458      333.40      333.40      331.18     29
1975   7    1975.542      331.74      331.74      330.92     27
1975   8    1975.625      329.88      329.88      331.06     31
1975   9    1975.708      328.57      328.57      331.54     30
1975  10    1975.792      328.36      328.36      331.46     17
1975  11    1975.875      329.33      329.33      331.39     25
1975  12    1975.958      -99.99      330.59      331.60      1
1976   1    1976.042      331.66      331.66      331.82     25
1976   2    1976.125      332.75      332.75      332.19     29
1976   3    1976.208      333.46      333.46      331.99     29
1976   4    1976.292      334.78      334.78      332.24     25
1976   5    1976.375      334.78      334.78      331.86     31
1976   6    1976.458      334.06      334.06      331.74     25
1976   7    1976.542      332.95      332.95      332.06     21
1976   8    1976.625      330.64      330.64      331.87     31
1976   9    1976.708      328.96      328.96      331.94     28
1976  10    1976.792      328.77      328.77      331.92     30
1976  11    1976.875      330.18      330.18      332.33     26
1976  12    1976.958      331.65      331.65      332.69     24
1977   1    1977.042      332.69      332.69      332.75     29
1977   2    1977.125      333.23      333.23      332.60     26
1977   3    1977.208      334.97      334.97      333.36     29
1977   4    1977.292      336.03      336.03      333.39     29
1977   5    1977.375      336.82      336.82      333.87     30
1977   6    1977.458      336.10      336.10      333.76     25
1977   7    1977.542      334.79      334.79      333.96     28
1977   8    1977.625      332.53      332.53      333.92     30
1977   9    1977.708      331.19      331.19      334.27     27
1977  10    1977.792      331.21      331.21      334.43     30
1977  11    1977.875      332.35      332.35      334.59     28
1977  12    1977.958      333.47      333.47      334.48     31
1978   1    1978.042      335.09      335.09      335.11     26
1978   2    1978.125      335.26      335.26      334.58     28
1978   3    1978.208      336.61      336.61      334.95     30
1978   4    1978.292      337.77      337.77      335.11     28
1978   5    1978.375      338.00      338.00      335.05     30
1978   6    1978.458      337.98      337.98      335.60     27
1978   7    1978.542      336.48      336.48      335.68     31
1978   8    1978.625      334.37      334.37      335.88     31
1978   9    1978.708      332.33      332.33      335.49     24
1978  10    1978.792      332.41      332.41      335.66     31
1978  11    1978.875      333.76      333.76      336.01     28
1978  12    1978.958      334.83      334.83      335.79     31
1979   1    1979.042      336.21      336.21      336.21     31
1979   2    1979.125      336.65      336.65      335.92     27
1979   3    1979.208      338.13      338.13      336.37     29
1979   4    1979.292      338.95      338.95      336.20     24
1979   5    1979.375      339.00      339.00      336.03     20
1979   6    1979.458      339.20      339.20      336.82     30
1979   7    1979.542      337.60      337.60      336.80     29
1979   8    1979.625      335.56      335.56      337.12     29
1979   9    1979.708      333.93      333.93      337.18     26
1979  10    1979.792      334.12      334.12      337.45     28
1979  11    1979.875      335.26      335.26      337.53     30
1979  12    1979.958      336.78      336.78      337.74     24
1980   1    1980.042      337.80      337.80      337.94     30
1980   2    1980.125      338.28      338.28      337.71     28
1980   3    1980.208      340.04      340.04      338.40     31
1980   4    1980.292      340.86      340.86      338.20     30
1980   5    1980.375      341.47      341.47      338.48     31
1980   6    1980.458      341.26      341.26      338.82     30
1980   7    1980.542      339.34      339.34      338.50     26
1980   8    1980.625      337.45      337.45      338.93     24
1980   9    1980.708      336.10      336.10      339.27     26
1980  10    1980.792      336.05      336.05      339.32     29
1980  11    1980.875      337.21      337.21      339.37     27
1980  12    1980.958      338.29      338.29      339.21     27
1981   1    1981.042      339.35      339.35      339.40     31
1981   2    1981.125      340.51      340.51      339.87     28
1981   3    1981.208      341.57      341.57      339.95     31
1981   4    1981.292      342.56      342.56      339.93     30
1981   5    1981.375      343.01      343.01      340.01     31
1981   6    1981.458      342.49      342.49      340.05     28
1981   7    1981.542      340.68      340.68      339.84     31
1981   8    1981.625      338.49      338.49      339.98     28
1981   9    1981.708      336.92      336.92      340.17     30
1981  10    1981.792      337.12      337.12      340.44     31
1981  11    1981.875      338.59      338.59      340.74     30
1981  12    1981.958      339.90      339.90      340.79     28
1982   1    1982.042      340.92      340.92      341.02     30
1982   2    1982.125      341.69      341.69      341.04     27
1982   3    1982.208      342.85      342.85      341.18     21
1982   4    1982.292      343.84      343.84      341.21      9
1982   5    1982.375      344.30      344.30      341.29     31
1982   6    1982.458      343.42      343.42      341.00     29
1982   7    1982.542      341.85      341.85      341.10     30
1982   8    1982.625      339.82      339.82      341.32     26
1982   9    1982.708      337.98      337.98      341.19     26
1982  10    1982.792      338.09      338.09      341.42     30
1982  11    1982.875      339.24      339.24      341.37     28
1982  12    1982.958      340.67      340.67      341.54     31
1983   1    1983.042      341.42      341.42      341.56     31
1983   2    1983.125      342.67      342.67      342.07     27
1983   3    1983.208      343.46      343.46      341.88     31
1983   4    1983.292      345.08      345.08      342.45     26
1983   5    1983.375      345.76      345.76      342.62     29
1983   6    1983.458      345.33      345.33      342.87     25
1983   7    1983.542      343.93      343.93      343.23     30
1983   8    1983.625      342.08      342.08      343.55     28
1983   9    1983.708      340.00      340.00      343.15     27
1983  10    1983.792      340.12      340.12      343.44     31
1983  11    1983.875      341.35      341.35      343.47     29
1983  12    1983.958      342.89      342.89      343.78     26
1984   1    1984.042      343.87      343.87      343.95     31
1984   2    1984.125      344.59      344.59      344.00     29
1984   3    1984.208      345.28      345.28      343.78     23
1984   4    1984.292      -99.99      346.59      343.99      2
1984   5    1984.375      347.36      347.36      344.20     27
1984   6    1984.458      346.80      346.80      344.35     25
1984   7    1984.542      345.37      345.37      344.67     29
1984   8    1984.625      343.06      343.06      344.53     24
1984   9    1984.708      341.24      341.24      344.41     29
1984  10    1984.792      341.54      341.54      344.84     27
1984  11    1984.875      342.90      342.90      345.00     28
1984  12    1984.958      344.35      344.35      345.22     27
1985   1    1985.042      345.09      345.09      345.17     29
1985   2    1985.125      345.89      345.89      345.29     26
1985   3    1985.208      347.49      347.49      346.04     28
1985   4    1985.292      348.03      348.03      345.45     27
1985   5    1985.375      348.75      348.75      345.61     31
1985   6    1985.458      348.19      348.19      345.75     30
1985   7    1985.542      346.48      346.48      345.72     29
1985   8    1985.625      344.71      344.71      346.10     27
1985   9    1985.708      343.04      343.04      346.17     27
1985  10    1985.792      342.92      342.92      346.20     27
1985  11    1985.875      344.22      344.22      346.37     29
1985  12    1985.958      345.62      345.62      346.56     29
1986   1    1986.042      346.42      346.42      346.44     26
1986   2    1986.125      346.95      346.95      346.39     26
1986   3    1986.208      347.88      347.88      346.52     31
1986   4    1986.292      349.57      349.57      347.01     30
1986   5    1986.375      350.35      350.35      347.22     30
1986   6    1986.458      349.70      349.70      347.27     24
1986   7    1986.542      347.78      347.78      346.99     31
1986   8    1986.625      345.89      345.89      347.30     30
1986   9    1986.708      344.88      344.88      348.01     25
1986  10    1986.792      344.33      344.33      347.56     30
1986  11    1986.875      345.67      345.67      347.80     30
1986  12    1986.958      346.89      346.89      347.81     30
1987   1    1987.042      348.20      348.20      348.12     30
1987   2    1987.125      348.55      348.55      347.85     28
1987   3    1987.208      349.55      349.55      348.12     27
1987   4    1987.292      351.14      351.14      348.59     30
1987   5    1987.375      351.85      351.85      348.75     31
1987   6    1987.458      351.46      351.46      349.09     28
1987   7    1987.542      349.77      349.77      349.08     28
1987   8    1987.625      347.66      347.66      349.16     27
1987   9    1987.708      346.39      346.39      349.57     29
1987  10    1987.792      346.51      346.51      349.74     30
1987  11    1987.875      347.80      347.80      349.92     27
1987  12    1987.958      349.03      349.03      349.92     30
1988   1    1988.042      350.23      350.23      350.18     29
1988   2    1988.125      351.58      351.58      350.87     27
1988   3    1988.208      352.22      352.22      350.71     31
1988   4    1988.292      353.53      353.53      350.87     30
1988   5    1988.375      354.14      354.14      350.96     31
1988   6    1988.458      353.64      353.64      351.26     29
1988   7    1988.542      352.53      352.53      351.90     31
1988   8    1988.625      350.42      350.42      351.97     30
1988   9    1988.708      348.84      348.84      352.04     30
1988  10    1988.792      348.94      348.94      352.21     31
1988  11    1988.875      349.99      349.99      352.16     27
1988  12    1988.958      351.29      351.29      352.21     30
1989   1    1989.042      352.72      352.72      352.63     31
1989   2    1989.125      353.10      353.10      352.37     28
1989   3    1989.208      353.64      353.64      352.17     30
1989   4    1989.292      355.43      355.43      352.76     30
1989   5    1989.375      355.70      355.70      352.47     31
1989   6    1989.458      355.11      355.11      352.69     30
1989   7    1989.542      353.79      353.79      353.16     31
1989   8    1989.625      351.42      351.42      353.03     29
1989   9    1989.708      349.83      349.83      353.08     28
1989  10    1989.792      350.10      350.10      353.35     30
1989  11    1989.875      351.26      351.26      353.43     30
1989  12    1989.958      352.66      352.66      353.61     28
1990   1    1990.042      353.63      353.63      353.55     30
1990   2    1990.125      354.72      354.72      354.01     28
1990   3    1990.208      355.49      355.49      354.02     31
1990   4    1990.292      356.11      356.11      353.49     29
1990   5    1990.375      357.08      357.08      353.90     30
1990   6    1990.458      356.11      356.11      353.70     30
1990   7    1990.542      354.67      354.67      354.06     29
1990   8    1990.625      352.67      352.67      354.32     30
1990   9    1990.708      351.05      351.05      354.32     27
1990  10    1990.792      351.36      351.36      354.59     31
1990  11    1990.875      352.81      352.81      354.88     29
1990  12    1990.958      354.21      354.21      355.06     30
1991   1    1991.042      354.87      354.87      354.82     29
1991   2    1991.125      355.66      355.66      354.96     28
1991   3    1991.208      357.00      357.00      355.50     27
1991   4    1991.292      358.40      358.40      355.77     30
1991   5    1991.375      359.00      359.00      355.84     31
1991   6    1991.458      357.99      357.99      355.64     30
1991   7    1991.542      355.96      355.96      355.37     29
1991   8    1991.625      353.78      353.78      355.42     31
1991   9    1991.708      352.20      352.20      355.51     30
1991  10    1991.792      352.22      352.22      355.46     31
1991  11    1991.875      353.70      353.70      355.69     30
1991  12    1991.958      354.98      354.98      355.79     31
1992   1    1992.042      356.08      356.08      355.99     30
1992   2    1992.125      356.88      356.88      356.15     29
1992   3    1992.208      357.73      357.73      356.19     29
1992   4    1992.292      358.91      358.91      356.21     30
1992   5    1992.375      359.46      359.46      356.24     31
1992   6    1992.458      359.18      359.18      356.79     30
1992   7    1992.542      356.71      356.71      356.14     30
1992   8    1992.625      354.76      354.76      356.49     30
1992   9    1992.708      352.80      352.80      356.16     29
1992  10    1992.792      353.21      353.21      356.49     31
1992  11    1992.875      354.15      354.15      356.20     30
1992  12    1992.958      355.41      355.41      356.24     31
1993   1    1993.042      356.76      356.76      356.70     28
1993   2    1993.125      357.17      357.17      356.31     28
1993   3    1993.208      358.26      358.26      356.60     31
1993   4    1993.292      359.16      359.16      356.50     30
1993   5    1993.375      360.07      360.07      356.89     31
1993   6    1993.458      359.41      359.41      356.98     30
1993   7    1993.542      357.36      357.36      356.78     27
1993   8    1993.625      355.29      355.29      357.00     27
1993   9    1993.708      353.96      353.96      357.33     23
1993  10    1993.792      354.03      354.03      357.38     30
1993  11    1993.875      355.27      355.27      357.40     30
1993  12    1993.958      356.70      356.70      357.59     31
1994   1    1994.042      358.05      358.05      357.93     27
1994   2    1994.125      358.80      358.80      357.97     27
1994   3    1994.208      359.67      359.67      358.03     30
1994   4    1994.292      361.13      361.13      358.39     30
1994   5    1994.375      361.48      361.48      358.25     30
1994   6    1994.458      360.60      360.60      358.20     30
1994   7    1994.542      359.20      359.20      358.61     31
1994   8    1994.625      357.23      357.23      358.94     31
1994   9    1994.708      355.42      355.42      358.85     30
1994  10    1994.792      355.89      355.89      359.28     31
1994  11    1994.875      357.41      357.41      359.56     30
1994  12    1994.958      358.74      358.74      359.61     31
1995   1    1995.042      359.73      359.73      359.61     31
1995   2    1995.125      360.65      360.65      359.84     28
1995   3    1995.208      361.59      361.59      360.02     30
1995   4    1995.292      363.04      363.04      360.38     30
1995   5    1995.375      363.62      363.62      360.46     29
1995   6    1995.458      363.07      363.07      360.68     30
1995   7    1995.542      361.55      361.55      360.88     31
1995   8    1995.625      358.91      358.91      360.54     30
1995   9    1995.708      357.93      357.93      361.31     30
1995  10    1995.792      357.80      357.80      361.15     31
1995  11    1995.875      359.22      359.22      361.35     30
1995  12    1995.958      360.44      360.44      361.32     30
1996   1    1996.042      361.83      361.83      361.61     31
1996   2    1996.125      362.94      362.94      362.07     29
1996   3    1996.208      363.87      363.87      362.27     30
1996   4    1996.292      364.27      364.27      361.59     29
1996   5    1996.375      364.93      364.93      361.88     31
1996   6    1996.458      364.70      364.70      362.41     30
1996   7    1996.542      363.30      363.30      362.60     31
1996   8    1996.625      361.16      361.16      362.78     30
1996   9    1996.708      359.38      359.38      362.82     28
1996  10    1996.792      359.33      359.33      362.69     31
1996  11    1996.875      360.62      360.62      362.76     30
1996  12    1996.958      361.96      361.96      362.82     31
1997   1    1997.042      362.82      362.82      362.62     31
1997   2    1997.125      363.87      363.87      363.07     28
1997   3    1997.208      364.24      364.24      362.66     31
1997   4    1997.292      366.02      366.02      363.37     29
1997   5    1997.375      366.46      366.46      363.54     30
1997   6    1997.458      365.36      365.36      363.17     28
1997   7    1997.542      364.10      364.10      363.39     26
1997   8    1997.625      361.96      361.96      363.54     27
1997   9    1997.708      360.12      360.12      363.49     28
1997  10    1997.792      360.49      360.49      363.78     31
1997  11    1997.875      362.21      362.21      364.26     29
1997  12    1997.958      364.12      364.12      364.89     31
1998   1    1998.042      365.00      365.00      364.81     30
1998   2    1998.125      365.80      365.80      365.00     27
1998   3    1998.208      366.95      366.95      365.34     31
1998   4    1998.292      368.44      368.44      365.83     30
1998   5    1998.375      369.31      369.31      366.42     30
1998   6    1998.458      368.78      368.78      366.57     30
1998   7    1998.542      367.60      367.60      366.91     30
1998   8    1998.625      365.63      365.63      367.21     31
1998   9    1998.708      363.84      363.84      367.16     29
1998  10    1998.792      364.19      364.19      367.46     31
1998  11    1998.875      365.37      365.37      367.42     23
1998  12    1998.958      366.92      366.92      367.69     26
1999   1    1999.042      367.96      367.96      367.75     27
1999   2    1999.125      368.82      368.82      368.02     23
1999   3    1999.208      369.41      369.41      367.84     25
1999   4    1999.292      370.78      370.78      368.26     30
1999   5    1999.375      370.52      370.52      367.70     30
1999   6    1999.458      370.14      370.14      367.96     30
1999   7    1999.542      369.09      369.09      368.42     30
1999   8    1999.625      366.69      366.69      368.23     30
1999   9    1999.708      364.71      364.71      368.00     29
1999  10    1999.792      365.17      365.17      368.43     31
1999  11    1999.875      366.50      366.50      368.49     29
1999  12    1999.958      367.85      367.85      368.53     29
2000   1    2000.042      369.07      369.07      368.87     27
2000   2    2000.125      369.31      369.31      368.60     23
2000   3    2000.208      370.37      370.37      368.87     31
2000   4    2000.292      371.67      371.67      369.15     29
2000   5    2000.375      371.35      371.35      368.49     29
2000   6    2000.458      371.51      371.51      369.32     29
2000   7    2000.542      369.69      369.69      369.03     28
2000   8    2000.625      368.15      368.15      369.72     28
2000   9    2000.708      366.86      366.86      370.13     30
2000  10    2000.792      366.94      366.94      370.16     31
2000  11    2000.875      368.28      368.28      370.23     25
2000  12    2000.958      369.62      369.62      370.27     30
2001   1    2001.042      370.47      370.47      370.31     29
2001   2    2001.125      371.44      371.44      370.72     28
2001   3    2001.208      372.39      372.39      370.85     30
2001   4    2001.292      373.33      373.33      370.75     30
2001   5    2001.375      373.78      373.78      370.87     25
2001   6    2001.458      373.13      373.13      370.93     28
2001   7    2001.542      371.51      371.51      370.87     30
2001   8    2001.625      369.59      369.59      371.15     30
2001   9    2001.708      368.15      368.15      371.39     29
2001  10    2001.792      368.38      368.38      371.61     31
2001  11    2001.875      369.64      369.64      371.64     27
2001  12    2001.958      371.11      371.11      371.81     31
2002   1    2002.042      372.37      372.37      372.15     29
2002   2    2002.125      373.08      373.08      372.21     26
2002   3    2002.208      373.86      373.86      372.17     27
2002   4    2002.292      374.93      374.93      372.26     30
2002   5    2002.375      375.59      375.59      372.67     31
2002   6    2002.458      375.43      375.43      373.24     30
2002   7    2002.542      373.92      373.92      373.29     31
2002   8    2002.625      371.80      371.80      373.42     31
2002   9    2002.708      370.64      370.64      373.98     29
2002  10    2002.792      370.50      370.50      373.82     31
2002  11    2002.875      372.18      372.18      374.31     30
2002  12    2002.958      373.71      373.71      374.49     30
2003   1    2003.042      374.86      374.86      374.63     31
2003   2    2003.125      375.64      375.64      374.78     27
2003   3    2003.208      376.47      376.47      374.81     31
2003   4    2003.292      377.73      377.73      375.02     27
2003   5    2003.375      378.60      378.60      375.56     31
2003   6    2003.458      378.21      378.21      376.00     29
2003   7    2003.542      376.73      376.73      376.18     29
2003   8    2003.625      374.36      374.36      376.00     26
2003   9    2003.708      373.20      373.20      376.50     28
2003  10    2003.792      373.11      373.11      376.44     30
2003  11    2003.875      374.67      374.67      376.84     25
2003  12    2003.958      375.96      375.96      376.77     30
2004   1    2004.042      377.03      377.03      376.81     31
2004   2    2004.125      377.82      377.82      376.97     28
2004   3    2004.208      378.75      378.75      377.10     30
2004   4    2004.292      380.43      380.43      377.66     29
2004   5    2004.375      380.65      380.65      377.52     28
2004   6    2004.458      379.56      379.56      377.28     25
2004   7    2004.542      377.62      377.62      377.05     28
2004   8    2004.625      376.17      376.17      377.86     19
2004   9    2004.708      374.13      374.13      377.50     16
2004  10    2004.792      374.46      374.46      377.80     31
2004  11    2004.875      375.96      375.96      378.15     28
2004  12    2004.958      377.45      377.45      378.30     31
2005   1    2005.042      378.46      378.46      378.21     31
2005   2    2005.125      379.74      379.74      378.94     28
2005   3    2005.208      381.04      381.04      379.55     28
2005   4    2005.292      382.19      382.19      379.53     30
2005   5    2005.375      382.44      382.44      379.30     31
2005   6    2005.458      382.16      382.16      379.84     30
2005   7    2005.542      380.76      380.76      380.15     30
2005   8    2005.625      378.72      378.72      380.37     30
2005   9    2005.708      376.65      376.65      379.97     30
2005  10    2005.792      376.97      376.97      380.27     14
2005  11    2005.875      378.28      378.28      380.44     24
2005  12    2005.958      379.90      379.90      380.73     29
2006   1    2006.042      381.32      381.32      381.09     26
2006   2    2006.125      382.14      382.14      381.33     25
2006   3    2006.208      382.64      382.64      381.11     30
2006   4    2006.292      384.70      384.70      381.98     27
2006   5    2006.375      384.93      384.93      381.76     29
2006   6    2006.458      384.05      384.05      381.75     29
2006   7    2006.542      382.34      382.34      381.77     27
2006   8    2006.625      380.40      380.40      382.06     28
2006   9    2006.708      378.88      378.88      382.18     29
2006  10    2006.792      379.12      379.12      382.43     25
2006  11    2006.875      380.14      380.14      382.34     30
2006  12    2006.958      381.68      381.68      382.55     31
2007   1    2007.042      382.89      382.89      382.70     23
2007   2    2007.125      383.77      383.77      382.92     21
2007   3    2007.208      384.51      384.51      382.88     31
2007   4    2007.292      386.36      386.36      383.53     28
2007   5    2007.375      386.53      386.53      383.29     31
2007   6    2007.458      386.01      386.01      383.74     30
2007   7    2007.542      384.46      384.46      383.96     31
2007   8    2007.625      381.95      381.95      383.66     30
2007   9    2007.708      380.81      380.81      384.16     26
2007  10    2007.792      381.12      381.12      384.44     30
2007  11    2007.875      382.40      382.40      384.61     30
2007  12    2007.958      383.87      383.87      384.79     28
2008   1    2008.042      385.40      385.40      385.19     29
2008   2    2008.125      385.72      385.72      384.86     28
2008   3    2008.208      385.93      385.93      384.34     29
2008   4    2008.292      387.17      387.17      384.44     28
2008   5    2008.375      388.49      388.49      385.32     26
2008   6    2008.458      387.88      387.88      385.60     24
2008   7    2008.542      386.41      386.41      385.88     10
2008   8    2008.625      384.13      384.13      385.83     28
2008   9    2008.708      383.07      383.07      386.39     30
2008  10    2008.792      382.97      382.97      386.28     24
2008  11    2008.875      384.11      384.11      386.29     29
2008  12    2008.958      385.54      385.54      386.43     30
2009   1    2009.042      386.93      386.93      386.72     31
2009   2    2009.125      387.41      387.41      386.56     28
2009   3    2009.208      388.77      388.77      387.17     30
2009   4    2009.292      389.46      389.46      386.73     28
2009   5    2009.375      390.18      390.18      387.01     31
2009   6    2009.458      389.43      389.43      387.14     29
2009   7    2009.542      387.79      387.79      387.26     30
2009   8    2009.625      385.91      385.91      387.60     30
2009   9    2009.708      384.78      384.78      388.10     27
2009  10    2009.792      384.38      384.38      387.68     31
2009  11    2009.875      385.99      385.99      388.18     30
2009  12    2009.958      387.27      387.27      388.15     21
2010   1    2010.042      388.45      388.45      388.24     28
2010   2    2010.125      389.84      389.84      388.99     25
2010   3    2010.208      391.02      391.02      389.43     28
2010   4    2010.292      392.49      392.49      389.76     27
2010   5    2010.375      392.95      392.95      389.78     30
2010   6    2010.458      392.03      392.03      389.74     29
2010   7    2010.542      390.11      390.11      389.57     30
2010   8    2010.625      388.15      388.15      389.84     31
2010   9    2010.708      386.80      386.80      390.13     30
2010  10    2010.792      387.18      387.18      390.48     31
2010  11    2010.875      388.59      388.59      390.77     29
2010  12    2010.958      389.68      389.68      390.56     31
2011   1    2011.042      391.21      391.21      391.00     30
2011   2    2011.125      391.77      391.77      390.91     28
2011   3    2011.208      392.40      392.40      390.81     30
2011   4    2011.292      393.29      393.29      390.56     28
2011   5    2011.375      394.16      394.16      390.99     31
